8654.000005838492
1337.0000849856915
1188.0003121612117
7848.000031286851
7888.000067982282
2598.00018023589
7849.000095386459
2933.0001262579353
3879.0000167971075
1282.0000364394582
9195.000289648096
8445.000044195858
8068.000118965578
1111.0001346386462
4135.000217552838
4200.000088581328
6122.000193564398
9012.0000625326
8634.000116620868
2827.000267992282
1709.000094043693
6442.000128229721
4720.000172748676
7390.000444550229
6200.000132183506
3340.00000412221
8575.0004516834
7318.000182373229
9318.000543360138
9354.000100305251
6152.000071454824
8480.000331460033
6038.000026779169
7755.000141663955
3545.000384199915
9564.000110329156
9011.00005859456
8790.000107128017
2778.0000725812242
1575.0001460007406
6607.00014149467
8025.000059650663
3694.0001635513927
7399.000393021342
1388.0000000056025
1730.000236301872
6947.000060640733
6963.000009489583
4525.000015862122
8577.000094664965
9474.000023327111
5350.000285325087
8224.00012505222
3351.0000034089335
9090.000059669774
6215.0000390460555
